<s>	51
<s> 2	1
<s> 2 2	1
<s> 2 2 2	1
<s> 0	48
<s> 0 0	15
<s> 0 0 1	8
<s> 0 0 0	6
<s> 0 0 2	1
<s> 0 1	33
<s> 0 1 0	1
<s> 0 1 2	23
<s> 0 1 1	9
<s> 1	1
<s> 1 2	1
<s> 1 2 3	1
<s> 12	1
<s> 12 12	1
<s> 12 12 12	1
</s>	51
2	143
2 2	48
2 2 2	19
2 2 2 2	7
2 2 2 </s>	3
2 2 2 3	7
2 2 2 4	1
2 2 2 1	1
2 2 </s>	3
2 2 3	17
2 2 3 2	1
2 2 3 4	6
2 2 3 3	6
2 2 3 5	3
2 2 3 1	1
2 2 1	4
2 2 1 2	2
2 2 1 1	1
2 2 1 0	1
2 2 4	4
2 2 4 4	2
2 2 4 5	2
2 2 0	1
2 2 0 1	1
2 </s>	6
2 3	58
2 3 2	2
2 3 2 1	2
2 3 4	30
2 3 4 6	8
2 3 4 4	8
2 3 4 5	13
2 3 4 2	1
2 3 3	15
2 3 3 2	1
2 3 3 4	10
2 3 3 5	2
2 3 3 </s>	1
2 3 3 3	1
2 3 5	8
2 3 5 7	1
2 3 5 6	6
2 3 5 3	1
2 3 1	2
2 3 1 0	1
2 3 1 1	1
2 3 6	1
2 3 6 8	1
2 1	15
2 1 2	6
2 1 2 0	1
2 1 2 2	2
2 1 2 1	2
2 1 2 4	1
2 1 0	3
2 1 0 1	2
2 1 0 0	1
2 1 1	5
2 1 1 2	1
2 1 1 1	3
2 1 1 0	1
2 1 3	1
2 1 3 4	1
2 0	6
2 0 1	4
2 0 1 2	1
2 0 1 0	3
2 0 0	2
2 0 0 0	2
2 4	9
2 4 4	2
2 4 4 4	1
2 4 4 3	1
2 4 3	2
2 4 3 3	2
2 4 5	4
2 4 5 6	3
2 4 5 4	1
2 4 </s>	1
2 5	1
2 5 6	1
2 5 6 8	1
0	125
0 2	1
0 2 3	1
0 2 3 4	1
0 0	52
0 0 2	1
0 0 2 3	1
0 0 1	19
0 0 1 1	6
0 0 1 2	11
0 0 1 0	2
0 0 0	28
0 0 0 </s>	1
0 0 0 0	15
0 0 0 1	10
0 0 0 4	1
0 0 0 3	1
0 0 4	1
0 0 4 4	1
0 0 </s>	2
0 0 3	1
0 0 3 4	1
0 1	67
0 1 2	41
0 1 2 2	9
0 1 2 3	28
0 1 2 4	1
0 1 2 0	1
0 1 2 1	1
0 1 2 5	1
0 1 1	17
0 1 1 0	1
0 1 1 2	10
0 1 1 1	3
0 1 1 3	3
0 1 </s>	1
0 1 0	7
0 1 0 0	3
0 1 0 1	3
0 1 0 </s>	1
0 1 3	1
0 1 3 4	1
0 4	1
0 4 4	1
0 4 4 6	1
0 </s>	3
0 3	1
0 3 4	1
0 3 4 5	1
1	136
1 2	70
1 2 2	21
1 2 2 2	7
1 2 2 3	8
1 2 2 1	2
1 2 2 4	3
1 2 2 0	1
1 2 3	37
1 2 3 2	1
1 2 3 4	21
1 2 3 3	8
1 2 3 5	5
1 2 3 1	1
1 2 3 6	1
1 2 0	2
1 2 0 1	1
1 2 0 0	1
1 2 1	5
1 2 1 1	3
1 2 1 2	1
1 2 1 3	1
1 2 </s>	1
1 2 4	3
1 2 4 5	2
1 2 4 3	1
1 2 5	1
1 2 5 6	1
1 1	39
1 1 2	19
1 1 2 2	10
1 1 2 3	5
1 1 2 1	2
1 1 2 </s>	1
1 1 2 4	1
1 1 0	3
1 1 0 1	3
1 1 1	12
1 1 1 1	5
1 1 1 2	5
1 1 1 3	1
1 1 1 </s>	1
1 1 3	4
1 1 3 2	1
1 1 3 4	3
1 1 </s>	1
1 0	17
1 0 1	11
1 0 1 2	6
1 0 1 </s>	1
1 0 1 3	1
1 0 1 0	1
1 0 1 1	2
1 0 0	5
1 0 0 0	3
1 0 0 1	1
1 0 0 </s>	1
1 0 </s>	1
1 </s>	2
1 5	1
1 5 4	1
1 5 4 5	1
1 3	6
1 3 4	5
1 3 4 6	2
1 3 4 5	3
1 3 2	1
1 3 2 1	1
1 9	1
1 9 10	1
1 9 10 11	1
3	122
3 </s>	4
3 2	13
3 2 2	3
3 2 2 3	1
3 2 2 2	2
3 2 1	4
3 2 1 2	3
3 2 1 0	1
3 2 3	2
3 2 3 4	2
3 2 4	2
3 2 4 3	1
3 2 4 </s>	1
3 2 </s>	1
3 2 0	1
3 2 0 1	1
3 0	2
3 0 0	2
3 0 0 0	2
3 4	53
3 4 2	4
3 4 2 2	2
3 4 2 3	1
3 4 2 1	1
3 4 6	12
3 4 6 7	8
3 4 6 5	1
3 4 6 8	2
3 4 6 6	1
3 4 4	13
3 4 4 4	6
3 4 4 6	5
3 4 4 5	2
3 4 5	23
3 4 5 6	10
3 4 5 5	2
3 4 5 7	9
3 4 5 4	2
3 4 1	1
3 4 1 2	1
3 3	28
3 3 2	3
3 3 2 3	1
3 3 2 4	1
3 3 2 </s>	1
3 3 4	15
3 3 4 2	2
3 3 4 4	5
3 3 4 5	6
3 3 4 1	1
3 3 4 6	1
3 3 5	3
3 3 5 5	1
3 3 5 6	1
3 3 5 4	1
3 3 3	5
3 3 3 3	2
3 3 3 4	3
3 3 1	1
3 3 1 0	1
3 3 </s>	1
3 5	11
3 5 6	7
3 5 6 8	5
3 5 6 7	2
3 5 7	1
3 5 7 8	1
3 5 5	1
3 5 5 7	1
3 5 3	1
3 5 3 7	1
3 5 4	1
3 5 4 5	1
3 6	2
3 6 6	1
3 6 6 5	1
3 6 8	1
3 6 8 9	1
3 12	1
3 12 6	1
3 12 6 12	1
3 7	1
3 7 9	1
3 7 9 11	1
3 1	6
3 1 0	3
3 1 0 1	3
3 1 1	2
3 1 1 2	1
3 1 1 1	1
3 1 2	1
3 1 2 3	1
3 8	1
3 8 9	1
3 8 9 11	1
4	143
4 </s>	4
4 2	7
4 2 0	2
4 2 0 1	1
4 2 0 0	1
4 2 2	3
4 2 2 2	2
4 2 2 3	1
4 2 3	1
4 2 3 3	1
4 2 1	1
4 2 1 1	1
4 1	2
4 1 2	1
4 1 2 3	1
4 1 0	1
4 1 0 0	1
4 6	24
4 6 7	16
4 6 7 8	7
4 6 7 7	3
4 6 7 9	5
4 6 7 4	1
4 6 8	3
4 6 8 6	1
4 6 8 9	2
4 6 5	1
4 6 5 4	1
4 6 6	4
4 6 6 6	1
4 6 6 8	3
4 4	46
4 4 </s>	2
4 4 3	8
4 4 3 2	2
4 4 3 0	1
4 4 3 3	3
4 4 3 6	1
4 4 3 4	1
4 4 4	18
4 4 4 </s>	1
4 4 4 4	5
4 4 4 5	2
4 4 4 3	5
4 4 4 6	4
4 4 4 1	1
4 4 5	7
4 4 5 6	4
4 4 5 7	1
4 4 5 4	1
4 4 5 5	1
4 4 6	10
4 4 6 8	1
4 4 6 7	7
4 4 6 6	2
4 4 1	1
4 4 1 0	1
4 3	17
4 3 </s>	2
4 3 0	1
4 3 0 0	1
4 3 3	6
4 3 3 2	2
4 3 3 4	2
4 3 3 3	2
4 3 6	1
4 3 6 6	1
4 3 2	4
4 3 2 1	1
4 3 2 4	1
4 3 2 3	1
4 3 2 2	1
4 3 4	2
4 3 4 6	1
4 3 4 2	1
4 3 1	1
4 3 1 2	1
4 5	42
4 5 6	20
4 5 6 6	3
4 5 6 5	4
4 5 6 8	4
4 5 6 7	8
4 5 6 4	1
4 5 5	5
4 5 5 5	3
4 5 5 6	1
4 5 5 7	1
4 5 3	1
4 5 3 </s>	1
4 5 7	11
4 5 7 7	2
4 5 7 8	6
4 5 7 6	3
4 5 4	5
4 5 4 5	2
4 5 4 4	1
4 5 4 6	1
4 5 4 3	1
4 15	1
4 15 16	1
4 15 16 17	1
6	130
6 </s>	6
6 6	25
6 6 </s>	3
6 6 6	4
6 6 6 8	3
6 6 6 7	1
6 6 8	8
6 6 8 8	2
6 6 8 9	3
6 6 8 10	2
6 6 8 7	1
6 6 4	1
6 6 4 4	1
6 6 5	3
6 6 5 7	1
6 6 5 </s>	1
6 6 5 3	1
6 6 7	6
6 6 7 </s>	2
6 6 7 8	2
6 6 7 9	1
6 6 7 7	1
6 7	45
6 7 </s>	3
6 7 4	2
6 7 4 4	2
6 7 8	25
6 7 8 6	1
6 7 8 7	2
6 7 8 9	9
6 7 8 8	6
6 7 8 10	7
6 7 7	5
6 7 7 9	2
6 7 7 3	1
6 7 7 8	1
6 7 7 5	1
6 7 9	7
6 7 9 10	6
6 7 9 9	1
6 7 5	1
6 7 5 5	1
6 7 6	2
6 7 6 6	2
6 5	17
6 5 </s>	3
6 5 2	1
6 5 2 1	1
6 5 1	1
6 5 1 1	1
6 5 4	3
6 5 4 3	1
6 5 4 4	1
6 5 4 5	1
6 5 6	3
6 5 6 6	1
6 5 6 7	1
6 5 6 </s>	1
6 5 7	1
6 5 7 5	1
6 5 5	4
6 5 5 2	1
6 5 5 6	1
6 5 5 4	2
6 5 3	1
6 5 3 0	1
6 8	25
6 8 6	1
6 8 6 8	1
6 8 8	3
6 8 8 10	1
6 8 8 8	1
6 8 8 7	1
6 8 9	17
6 8 9 10	9
6 8 9 11	6
6 8 9 9	2
6 8 10	3
6 8 10 11	3
6 8 7	1
6 8 7 7	1
6 4	7
6 4 4	3
6 4 4 4	2
6 4 4 5	1
6 4 3	1
6 4 3 2	1
6 4 2	2
6 4 2 0	1
6 4 2 2	1
6 4 6	1
6 4 6 6	1
6 12	1
6 12 12	1
6 12 12 12	1
6 3	4
6 3 3	2
6 3 3 5	1
6 3 3 1	1
6 3 1	1
6 3 1 0	1
6 3 2	1
6 3 2 2	1
7	118
7 </s>	6
7 1	1
7 1 2	1
7 1 2 3	1
7 4	4
7 4 4	4
7 4 4 3	2
7 4 4 4	2
7 8	40
7 8 6	1
7 8 6 3	1
7 8 7	3
7 8 7 4	1
7 8 7 9	1
7 8 7 6	1
7 8 10	11
7 8 10 10	3
7 8 10 11	4
7 8 10 12	3
7 8 10 5	1
7 8 9	17
7 8 9 7	2
7 8 9 10	6
7 8 9 11	5
7 8 9 9	4
7 8 8	8
7 8 8 9	1
7 8 8 10	1
7 8 8 8	4
7 8 8 7	2
7 7	27
7 7 3	1
7 7 3 2	1
7 7 8	4
7 7 8 7	1
7 7 8 9	3
7 7 9	4
7 7 9 9	1
7 7 9 11	1
7 7 9 10	2
7 7 5	5
7 7 5 4	2
7 7 5 </s>	2
7 7 5 5	1
7 7 7	10
7 7 7 6	2
7 7 7 7	5
7 7 7 9	1
7 7 7 5	1
7 7 7 8	1
7 7 6	3
7 7 6 3	1
7 7 6 6	1
7 7 6 7	1
7 9	16
7 9 9	4
7 9 9 9	2
7 9 9 6	1
7 9 9 10	1
7 9 11	2
7 9 11 12	2
7 9 10	10
7 9 10 11	5
7 9 10 12	3
7 9 10 9	1
7 9 10 5	1
7 5	8
7 5 </s>	2
7 5 4	2
7 5 4 3	1
7 5 4 5	1
7 5 7	1
7 5 7 8	1
7 5 5	2
7 5 5 4	1
7 5 5 5	1
7 5 6	1
7 5 6 </s>	1
7 3	1
7 3 2	1
7 3 2 0	1
7 17	1
7 17 16	1
7 17 16 15	1
7 6	12
7 6 4	1
7 6 4 2	1
7 6 7	3
7 6 7 8	3
7 6 5	2
7 6 5 4	1
7 6 5 </s>	1
7 6 3	1
7 6 3 2	1
7 6 6	4
7 6 6 6	2
7 6 6 7	2
7 6 8	1
7 6 8 9	1
7 19	1
7 19 19	1
7 19 19 19	1
7 18	1
7 18 18	1
7 18 18 18	1
8	125
8 </s>	2
8 6	11
8 6 </s>	1
8 6 6	2
8 6 6 4	1
8 6 6 </s>	1
8 6 8	1
8 6 8 9	1
8 6 5	4
8 6 5 6	1
8 6 5 </s>	1
8 6 5 5	2
8 6 4	1
8 6 4 2	1
8 6 3	1
8 6 3 1	1
8 6 7	1
8 6 7 6	1
8 7	11
8 7 </s>	2
8 7 4	1
8 7 4 4	1
8 7 6	3
8 7 6 4	1
8 7 6 5	1
8 7 6 6	1
8 7 9	3
8 7 9 9	2
8 7 9 10	1
8 7 7	1
8 7 7 7	1
8 7 8	1
8 7 8 8	1
8 10	18
8 10 10	4
8 10 10 9	1
8 10 10 11	1
8 10 10 8	1
8 10 10 3	1
8 10 11	10
8 10 11 13	5
8 10 11 12	3
8 10 11 11	2
8 10 12	3
8 10 12 13	3
8 10 5	1
8 10 5 12	1
8 9	43
8 9 10	15
8 9 10 10	5
8 9 10 12	6
8 9 10 8	1
8 9 10 11	3
8 9 7	2
8 9 7 8	1
8 9 7 7	1
8 9 8	3
8 9 8 8	2
8 9 8 6	1
8 9 11	16
8 9 11 10	3
8 9 11 13	4
8 9 11 12	5
8 9 11 11	3
8 9 11 14	1
8 9 9	7
8 9 9 7	2
8 9 9 9	2
8 9 9 11	2
8 9 9 8	1
8 8	32
8 8 6	1
8 8 6 4	1
8 8 5	1
8 8 5 5	1
8 8 9	5
8 8 9 11	4
8 8 9 8	1
8 8 10	4
8 8 10 11	3
8 8 10 10	1
8 8 8	16
8 8 8 9	3
8 8 8 8	10
8 8 8 18	1
8 8 8 10	2
8 8 18	1
8 8 18 18	1
8 8 7	4
8 8 7 6	2
8 8 7 9	2
8 5	5
8 5 5	3
8 5 5 1	1
8 5 5 5	1
8 5 5 4	1
8 5 6	1
8 5 6 6	1
8 5 </s>	1
8 4	2
8 4 4	1
8 4 4 4	1
8 4 5	1
8 4 5 5	1
8 18	1
8 18 18	1
8 18 18 19	1
5	115
5 </s>	7
5 2	3
5 2 1	1
5 2 1 0	1
5 2 </s>	1
5 2 2	1
5 2 2 1	1
5 1	3
5 1 1	3
5 1 1 0	1
5 1 1 2	2
5 6	39
5 6 </s>	2
5 6 6	7
5 6 6 </s>	1
5 6 6 6	1
5 6 6 8	2
5 6 6 7	2
5 6 6 5	1
5 6 5	4
5 6 5 1	1
5 6 5 2	1
5 6 5 4	1
5 6 5 5	1
5 6 8	11
5 6 8 9	9
5 6 8 10	1
5 6 8 8	1
5 6 7	13
5 6 7 8	11
5 6 7 9	1
5 6 7 5	1
5 6 4	2
5 6 4 6	1
5 6 4 4	1
5 3	5
5 3 2	1
5 3 2 2	1
5 3 </s>	1
5 3 7	1
5 3 7 9	1
5 3 0	1
5 3 0 0	1
5 3 1	1
5 3 1 1	1
5 5	22
5 5 </s>	1
5 5 2	2
5 5 2 </s>	1
5 5 2 2	1
5 5 1	2
5 5 1 1	2
5 5 3	2
5 5 3 2	1
5 5 3 1	1
5 5 7	2
5 5 7 9	1
5 5 7 7	1
5 5 5	5
5 5 5 3	1
5 5 5 </s>	1
5 5 5 2	1
5 5 5 6	2
5 5 4	4
5 5 4 5	1
5 5 4 2	1
5 5 4 </s>	1
5 5 4 4	1
5 5 6	4
5 5 6 6	2
5 5 6 7	1
5 5 6 8	1
5 4	18
5 4 2	1
5 4 2 0	1
5 4 3	5
5 4 3 3	1
5 4 3 </s>	2
5 4 3 2	1
5 4 3 1	1
5 4 5	7
5 4 5 3	1
5 4 5 7	1
5 4 5 6	3
5 4 5 5	1
5 4 5 4	1
5 4 4	3
5 4 4 5	2
5 4 4 </s>	1
5 4 6	1
5 4 6 7	1
5 4 </s>	1
5 7	17
5 7 6	3
5 7 6 7	2
5 7 6 8	1
5 7 8	8
5 7 8 10	3
5 7 8 9	4
5 7 8 8	1
5 7 5	1
5 7 5 7	1
5 7 7	4
5 7 7 7	1
5 7 7 8	1
5 7 7 9	1
5 7 7 6	1
5 7 9	1
5 7 9 10	1
5 12	1
5 12 13	1
5 12 13 14	1
10	121
10 </s>	2
10 1	1
10 1 9	1
10 1 9 10	1
10 6	5
10 6 7	2
10 6 7 8	2
10 6 5	2
10 6 5 6	1
10 6 5 5	1
10 6 3	1
10 6 3 3	1
10 8	8
10 8 </s>	1
10 8 6	1
10 8 6 5	1
10 8 5	3
10 8 5 6	1
10 8 5 </s>	1
10 8 5 5	1
10 8 9	1
10 8 9 8	1
10 8 4	2
10 8 4 4	1
10 8 4 5	1
10 10	22
10 10 1	1
10 10 1 9	1
10 10 6	1
10 10 6 5	1
10 10 8	2
10 10 8 4	1
10 10 8 5	1
10 10 10	4
10 10 10 10	1
10 10 10 12	1
10 10 10 11	2
10 10 9	3
10 10 9 9	2
10 10 9 11	1
10 10 12	3
10 10 12 14	1
10 10 12 12	1
10 10 12 13	1
10 10 5	1
10 10 5 6	1
10 10 3	1
10 10 3 8	1
10 10 11	6
10 10 11 9	1
10 10 11 12	4
10 10 11 13	1
10 9	18
10 9 </s>	1
10 9 6	4
10 9 6 4	2
10 9 6 3	1
10 9 6 5	1
10 9 10	3
10 9 10 </s>	1
10 9 10 9	1
10 9 10 11	1
10 9 9	3
10 9 9 7	1
10 9 9 10	1
10 9 9 6	1
10 9 7	3
10 9 7 4	1
10 9 7 7	1
10 9 7 6	1
10 9 11	2
10 9 11 11	1
10 9 11 12	1
10 9 8	2
10 9 8 5	1
10 9 8 </s>	1
10 12	20
10 12 13	11
10 12 13 15	4
10 12 13 14	4
10 12 13 13	3
10 12 14	3
10 12 14 14	1
10 12 14 15	2
10 12 12	4
10 12 12 13	1
10 12 12 14	1
10 12 12 12	1
10 12 12 11	1
10 12 11	1
10 12 11 12	1
10 12 9	1
10 12 9 5	1
10 5	3
10 5 6	2
10 5 6 7	1
10 5 6 4	1
10 5 12	1
10 5 12 13	1
10 7	1
10 7 7	1
10 7 7 7	1
10 11	39
10 11 5	1
10 11 5 4	1
10 11 13	13
10 11 13 10	1
10 11 13 15	2
10 11 13 14	8
10 11 13 16	1
10 11 13 13	1
10 11 12	13
10 11 12 13	7
10 11 12 14	3
10 11 12 10	2
10 11 12 11	1
10 11 11	9
10 11 11 13	2
10 11 11 12	5
10 11 11 10	2
10 11 9	3
10 11 9 8	2
10 11 9 9	1
10 17	1
10 17 16	1
10 17 16 17	1
10 3	1
10 3 8	1
10 3 8 9	1
9	119
9 </s>	1
9 6	9
9 6 6	2
9 6 6 7	1
9 6 6 5	1
9 6 7	3
9 6 7 4	1
9 6 7 7	1
9 6 7 6	1
9 6 4	2
9 6 4 3	1
9 6 4 4	1
9 6 3	1
9 6 3 3	1
9 6 5	1
9 6 5 6	1
9 7	10
9 7 1	1
9 7 1 2	1
9 7 7	4
9 7 7 8	1
9 7 7 7	2
9 7 7 5	1
9 7 8	2
9 7 8 10	1
9 7 8 9	1
9 7 4	1
9 7 4 4	1
9 7 5	1
9 7 5 6	1
9 7 6	1
9 7 6 5	1
9 10	35
9 10 </s>	1
9 10 10	7
9 10 10 10	2
9 10 10 9	1
9 10 10 12	2
9 10 10 8	1
9 10 10 11	1
9 10 12	10
9 10 12 13	7
9 10 12 14	1
9 10 12 11	1
9 10 12 12	1
9 10 9	3
9 10 9 6	1
9 10 9 10	1
9 10 9 11	1
9 10 11	12
9 10 11 11	5
9 10 11 13	5
9 10 11 12	2
9 10 8	1
9 10 8 5	1
9 10 5	1
9 10 5 6	1
9 9	20
9 9 6	3
9 9 6 7	3
9 9 7	3
9 9 7 7	1
9 9 7 8	1
9 9 7 1	1
9 9 9	4
9 9 9 6	1
9 9 9 10	2
9 9 9 8	1
9 9 10	5
9 9 10 12	1
9 9 10 11	2
9 9 10 9	1
9 9 10 10	1
9 9 11	2
9 9 11 12	2
9 9 8	3
9 9 8 7	1
9 9 8 6	1
9 9 8 8	1
9 8	15
9 8 </s>	1
9 8 6	4
9 8 6 6	1
9 8 6 5	1
9 8 6 </s>	1
9 8 6 7	1
9 8 7	2
9 8 7 </s>	2
9 8 8	5
9 8 8 6	1
9 8 8 5	1
9 8 8 9	1
9 8 8 7	1
9 8 8 8	1
9 8 9	2
9 8 9 9	1
9 8 9 8	1
9 8 5	1
9 8 5 5	1
9 5	2
9 5 4	1
9 5 4 3	1
9 5 5	1
9 5 5 3	1
9 19	2
9 19 19	2
9 19 19 19	2
9 11	24
9 11 10	4
9 11 10 11	4
9 11 13	4
9 11 13 11	1
9 11 13 17	1
9 11 13 14	2
9 11 12	10
9 11 12 14	3
9 11 12 13	5
9 11 12 11	2
9 11 11	4
9 11 11 11	3
9 11 11 10	1
9 11 9	1
9 11 9 11	1
9 11 14	1
9 11 14 15	1
9 17	1
9 17 17	1
9 17 17 18	1
12	151
12 </s>	2
12 3	1
12 3 12	1
12 3 12 6	1
12 6	3
12 6 7	1
12 6 7 </s>	1
12 6 12	1
12 6 12 12	1
12 6 6	1
12 6 6 </s>	1
12 7	1
12 7 7	1
12 7 7 5	1
12 4	1
12 4 3	1
12 4 3 4	1
12 10	12
12 10 6	1
12 10 6 3	1
12 10 8	1
12 10 8 </s>	1
12 10 9	5
12 10 9 6	3
12 10 9 10	1
12 10 9 8	1
12 10 10	2
12 10 10 11	2
12 10 11	2
12 10 11 11	1
12 10 11 12	1
12 10 7	1
12 10 7 7	1
12 9	4
12 9 8	2
12 9 8 8	1
12 9 8 9	1
12 9 6	1
12 9 6 6	1
12 9 5	1
12 9 5 5	1
12 12	56
12 12 </s>	2
12 12 6	1
12 12 6 7	1
12 12 3	1
12 12 3 12	1
12 12 10	1
12 12 10 10	1
12 12 12	39
12 12 12 12	35
12 12 12 </s>	1
12 12 12 17	1
12 12 12 14	2
12 12 13	5
12 12 13 12	3
12 12 13 </s>	1
12 12 13 13	1
12 12 17	1
12 12 17 17	1
12 12 14	4
12 12 14 13	1
12 12 14 15	2
12 12 14 14	1
12 12 11	2
12 12 11 </s>	1
12 12 11 12	1
12 13	38
12 13 </s>	1
12 13 10	3
12 13 10 12	2
12 13 10 11	1
12 13 15	5
12 13 15 16	4
12 13 15 15	1
12 13 14	13
12 13 14 15	6
12 13 14 13	1
12 13 14 14	5
12 13 14 8	1
12 13 12	5
12 13 12 11	2
12 13 12 12	1
12 13 12 10	1
12 13 12 13	1
12 13 13	9
12 13 13 13	5
12 13 13 14	2
12 13 13 12	2
12 13 11	2
12 13 11 9	1
12 13 11 13	1
12 15	1
12 15 16	1
12 15 16 17	1
12 14	18
12 14 15	9
12 14 15 14	1
12 14 15 16	5
12 14 15 15	3
12 14 14	4
12 14 14 16	2
12 14 14 15	1
12 14 14 14	1
12 14 16	2
12 14 16 16	1
12 14 16 15	1
12 14 13	2
12 14 13 14	2
12 14 12	1
12 14 12 13	1
12 17	1
12 17 17	1
12 17 17 18	1
12 11	13
12 11 </s>	1
12 11 10	4
12 11 10 8	1
12 11 10 6	1
12 11 10 9	2
12 11 9	2
12 11 9 10	1
12 11 9 7	1
12 11 7	1
12 11 7 7	1
12 11 12	2
12 11 12 11	1
12 11 12 7	1
12 11 11	3
12 11 11 12	2
12 11 11 13	1
13	122
13 </s>	2
13 10	9
13 10 </s>	1
13 10 10	1
13 10 10 9	1
13 10 9	3
13 10 9 10	1
13 10 9 9	1
13 10 9 8	1
13 10 12	2
13 10 12 14	1
13 10 12 12	1
13 10 11	2
13 10 11 12	1
13 10 11 9	1
13 12	15
13 12 10	4
13 12 10 11	2
13 12 10 9	2
13 12 12	3
13 12 12 3	1
13 12 12 12	1
13 12 12 14	1
13 12 14	1
13 12 14 12	1
13 12 11	4
13 12 11 10	1
13 12 11 9	2
13 12 11 7	1
13 12 13	3
13 12 13 14	2
13 12 13 13	1
13 15	10
13 15 16	9
13 15 16 16	5
13 15 16 17	2
13 15 16 15	2
13 15 15	1
13 15 15 16	1
13 17	1
13 17 17	1
13 17 17 18	1
13 14	43
13 14 8	2
13 14 8 6	1
13 14 8 7	1
13 14 15	24
13 14 15 15	5
13 14 15 16	13
13 14 15 13	1
13 14 15 17	2
13 14 15 12	1
13 14 15 14	2
13 14 14	9
13 14 14 15	4
13 14 14 14	5
13 14 13	5
13 14 13 13	1
13 14 13 14	3
13 14 13 11	1
13 14 16	3
13 14 16 15	2
13 14 16 17	1
13 13	28
13 13 </s>	1
13 13 13	12
13 13 13 14	3
13 13 13 12	2
13 13 13 13	6
13 13 13 15	1
13 13 14	8
13 13 14 15	3
13 13 14 13	2
13 13 14 16	1
13 13 14 14	2
13 13 11	1
13 13 11 11	1
13 13 12	5
13 13 12 12	2
13 13 12 10	1
13 13 12 14	1
13 13 12 13	1
13 13 15	1
13 13 15 16	1
13 11	10
13 11 </s>	1
13 11 10	2
13 11 10 8	1
13 11 10 10	1
13 11 12	1
13 11 12 13	1
13 11 9	1
13 11 9 8	1
13 11 11	3
13 11 11 10	1
13 11 11 12	1
13 11 11 9	1
13 11 13	2
13 11 13 11	1
13 11 13 12	1
13 16	1
13 16 16	1
13 16 16 17	1
13 9	2
13 9 6	1
13 9 6 6	1
13 9 7	1
13 9 7 5	1
13 5	1
13 5 7	1
13 5 7 7	1
15	137
15 </s>	2
15 4	1
15 4 15	1
15 4 15 16	1
15 10	2
15 10 11	1
15 10 11 5	1
15 10 12	1
15 10 12 9	1
15 12	7
15 12 9	1
15 12 9 6	1
15 12 13	1
15 12 13 13	1
15 12 10	4
15 12 10 8	1
15 12 10 9	2
15 12 10 6	1
15 12 6	1
15 12 6 6	1
15 16	59
15 16 7	1
15 16 7 17	1
15 16 10	1
15 16 10 17	1
15 16 12	2
15 16 12 12	1
15 16 12 4	1
15 16 16	15
15 16 16 12	1
15 16 16 16	4
15 16 16 14	2
15 16 16 11	1
15 16 16 17	5
15 16 16 15	2
15 16 14	1
15 16 14 15	1
15 16 17	31
15 16 17 18	16
15 16 17 17	11
15 16 17 16	3
15 16 17 15	1
15 16 15	6
15 16 15 16	4
15 16 15 15	1
15 16 15 13	1
15 16 13	1
15 16 13 15	1
15 16 11	1
15 16 11 17	1
15 13	14
15 13 5	1
15 13 5 7	1
15 13 10	4
15 13 10 9	2
15 13 10 10	1
15 13 10 </s>	1
15 13 13	2
15 13 13 11	1
15 13 13 14	1
15 13 14	2
15 13 14 15	2
15 13 11	2
15 13 11 11	2
15 13 12	2
15 13 12 10	2
15 13 9	1
15 13 9 7	1
15 17	6
15 17 17	3
15 17 17 13	1
15 17 17 18	1
15 17 17 17	1
15 17 16	2
15 17 16 17	1
15 17 16 15	1
15 17 18	1
15 17 18 18	1
15 14	13
15 14 15	5
15 14 15 16	2
15 14 15 </s>	1
15 14 15 15	1
15 14 15 11	1
15 14 14	1
15 14 14 14	1
15 14 11	3
15 14 11 11	1
15 14 11 8	1
15 14 11 7	1
15 14 13	3
15 14 13 13	1
15 14 13 11	1
15 14 13 14	1
15 14 12	1
15 14 12 10	1
15 15	31
15 15 </s>	1
15 15 4	1
15 15 4 15	1
15 15 10	1
15 15 10 11	1
15 15 15	10
15 15 15 </s>	1
15 15 15 4	1
15 15 15 13	2
15 15 15 15	2
15 15 15 14	2
15 15 15 16	2
15 15 13	3
15 15 13 11	1
15 15 13 14	1
15 15 13 12	1
15 15 14	3
15 15 14 15	2
15 15 14 13	1
15 15 16	10
15 15 16 10	1
15 15 16 7	1
15 15 16 13	1
15 15 16 17	4
15 15 16 16	1
15 15 16 12	1
15 15 16 11	1
15 15 17	2
15 15 17 17	1
15 15 17 16	1
15 11	2
15 11 9	1
15 11 9 8	1
15 11 4	1
15 11 4 4	1
16	139
16 7	1
16 7 17	1
16 7 17 16	1
16 5	1
16 5 5	1
16 5 5 1	1
16 9	1
16 9 8	1
16 9 8 7	1
16 13	2
16 13 10	1
16 13 10 9	1
16 13 15	1
16 13 15 16	1
16 16	33
16 16 11	1
16 16 11 12	1
16 16 12	2
16 16 12 9	1
16 16 12 15	1
16 16 15	4
16 16 15 13	1
16 16 15 15	1
16 16 15 16	1
16 16 15 14	1
16 16 14	2
16 16 14 1	1
16 16 14 11	1
16 16 16	8
16 16 16 13	1
16 16 16 17	4
16 16 16 16	2
16 16 16 12	1
16 16 13	1
16 16 13 10	1
16 16 17	15
16 16 17 17	9
16 16 17 18	4
16 16 17 15	2
16 14	9
16 14 1	1
16 14 1 5	1
16 14 15	3
16 14 15 15	1
16 14 15 16	1
16 14 15 13	1
16 14 13	2
16 14 13 15	1
16 14 13 11	1
16 14 11	3
16 14 11 11	2
16 14 11 10	1
16 17	57
16 17 12	1
16 17 12 9	1
16 17 18	21
16 17 18 18	17
16 17 18 17	3
16 17 18 19	1
16 17 17	24
16 17 17 16	4
16 17 17 18	8
16 17 17 17	8
16 17 17 14	2
16 17 17 15	2
16 17 16	7
16 17 16 14	3
16 17 16 17	2
16 17 16 15	2
16 17 15	4
16 17 15 16	1
16 17 15 15	1
16 17 15 11	1
16 17 15 14	1
16 15	24
16 15 10	1
16 15 10 12	1
16 15 13	4
16 15 13 10	2
16 15 13 11	1
16 15 13 9	1
16 15 15	6
16 15 15 15	4
16 15 15 16	1
16 15 15 13	1
16 15 16	8
16 15 16 17	7
16 15 16 16	1
16 15 14	4
16 15 14 15	1
16 15 14 14	1
16 15 14 13	1
16 15 14 12	1
16 15 12	1
16 15 12 10	1
16 12	6
16 12 12	3
16 12 12 13	2
16 12 12 11	1
16 12 9	1
16 12 9 8	1
16 12 4	1
16 12 4 3	1
16 12 15	1
16 12 15 16	1
16 11	3
16 11 12	1
16 11 12 12	1
16 11 10	1
16 11 10 6	1
16 11 17	1
16 11 17 17	1
16 10	2
16 10 8	1
16 10 8 4	1
16 10 17	1
16 10 17 16	1
14	116
14 1	1
14 1 5	1
14 1 5 4	1
14 8	2
14 8 6	1
14 8 6 5	1
14 8 7	1
14 8 7 8	1
14 10	2
14 10 10	1
14 10 10 5	1
14 10 8	1
14 10 8 5	1
14 12	5
14 12 11	2
14 12 11 10	1
14 12 11 11	1
14 12 13	1
14 12 13 12	1
14 12 12	1
14 12 12 13	1
14 12 10	1
14 12 10 10	1
14 15	52
14 15 </s>	1
14 15 12	1
14 15 12 9	1
14 15 16	28
14 15 16 16	7
14 15 16 17	15
14 15 16 15	4
14 15 16 12	1
14 15 16 14	1
14 15 13	2
14 15 13 14	1
14 15 13 5	1
14 15 17	4
14 15 17 17	2
14 15 17 16	1
14 15 17 18	1
14 15 14	3
14 15 14 15	1
14 15 14 11	2
14 15 15	12
14 15 15 15	3
14 15 15 16	6
14 15 15 17	2
14 15 15 10	1
14 15 11	1
14 15 11 4	1
14 14	26
14 14 16	3
14 14 16 16	3
14 14 15	8
14 14 15 16	5
14 14 15 17	2
14 14 15 15	1
14 14 14	10
14 14 14 13	2
14 14 14 15	2
14 14 14 12	3
14 14 14 16	1
14 14 14 14	2
14 14 13	2
14 14 13 14	1
14 14 13 13	1
14 14 12	3
14 14 12 11	2
14 14 12 12	1
14 16	8
14 16 16	4
14 16 16 15	1
14 16 16 17	1
14 16 16 16	2
14 16 15	3
14 16 15 16	2
14 16 15 13	1
14 16 17	1
14 16 17 18	1
14 13	14
14 13 13	3
14 13 13 13	1
14 13 13 </s>	1
14 13 13 12	1
14 13 15	1
14 13 15 16	1
14 13 14	7
14 13 14 15	5
14 13 14 13	1
14 13 14 8	1
14 13 11	3
14 13 11 10	1
14 13 11 12	1
14 13 11 13	1
14 11	6
14 11 11	3
14 11 11 11	1
14 11 11 8	1
14 11 11 10	1
14 11 10	1
14 11 10 9	1
14 11 8	1
14 11 8 6	1
14 11 7	1
14 11 7 </s>	1
17	145
17 12	2
17 12 9	1
17 12 9 8	1
17 12 12	1
17 12 12 </s>	1
17 15	13
17 15 11	1
17 15 11 9	1
17 15 13	4
17 15 13 13	2
17 15 13 10	1
17 15 13 12	1
17 15 12	2
17 15 12 13	1
17 15 12 10	1
17 15 16	2
17 15 16 16	1
17 15 16 17	1
17 15 15	2
17 15 15 14	1
17 15 15 15	1
17 15 14	2
17 15 14 13	1
17 15 14 15	1
17 17	52
17 17 14	3
17 17 14 14	2
17 17 14 15	1
17 17 15	2
17 17 15 12	1
17 17 15 14	1
17 17 16	8
17 17 16 5	1
17 17 16 9	1
17 17 16 16	3
17 17 16 17	2
17 17 16 14	1
17 17 17	17
17 17 17 16	3
17 17 17 18	5
17 17 17 17	7
17 17 17 11	1
17 17 17 14	1
17 17 13	2
17 17 13 12	1
17 17 13 13	1
17 17 18	19
17 17 18 16	3
17 17 18 19	5
17 17 18 17	3
17 17 18 18	7
17 17 18 9	1
17 17 11	1
17 17 11 11	1
17 18	43
17 18 15	1
17 18 15 12	1
17 18 16	3
17 18 16 17	1
17 18 16 15	2
17 18 18	26
17 18 18 9	1
17 18 18 19	14
17 18 18 18	8
17 18 18 17	2
17 18 18 16	1
17 18 17	6
17 18 17 17	2
17 18 17 16	2
17 18 17 18	2
17 18 19	6
17 18 19 19	5
17 18 19 18	1
17 18 9	1
17 18 9 17	1
17 11	1
17 11 11	1
17 11 11 10	1
17 16	27
17 16 5	1
17 16 5 5	1
17 16 9	1
17 16 9 8	1
17 16 12	1
17 16 12 12	1
17 16 17	7
17 16 17 16	3
17 16 17 17	3
17 16 17 15	1
17 16 14	5
17 16 14 15	2
17 16 14 13	1
17 16 14 11	2
17 16 15	5
17 16 15 14	2
17 16 15 13	1
17 16 15 15	1
17 16 15 10	1
17 16 16	5
17 16 16 17	4
17 16 16 15	1
17 16 11	1
17 16 11 10	1
17 16 10	1
17 16 10 8	1
17 13	2
17 13 12	1
17 13 12 11	1
17 13 13	1
17 13 13 14	1
17 14	5
17 14 14	2
17 14 14 14	1
17 14 14 15	1
17 14 10	1
17 14 10 8	1
17 14 15	2
17 14 15 16	1
17 14 15 15	1
18	139
18 9	2
18 9 19	1
18 9 19 19	1
18 9 17	1
18 9 17 17	1
18 15	5
18 15 12	3
18 15 12 10	2
18 15 12 6	1
18 15 13	1
18 15 13 10	1
18 15 14	1
18 15 14 11	1
18 16	10
18 16 17	3
18 16 17 12	1
18 16 17 16	1
18 16 17 17	1
18 16 15	5
18 16 15 15	3
18 16 15 16	1
18 16 15 14	1
18 16 12	1
18 16 12 12	1
18 16 14	1
18 16 14 13	1
18 18	70
18 18 18	28
18 18 18 16	3
18 18 18 18	11
18 18 18 17	8
18 18 18 19	5
18 18 18 15	1
18 18 17	11
18 18 17 15	3
18 18 17 16	5
18 18 17 17	2
18 18 17 14	1
18 18 16	6
18 18 16 12	1
18 18 16 17	2
18 18 16 15	2
18 18 16 14	1
18 18 19	21
18 18 19 19	14
18 18 19 18	6
18 18 19 7	1
18 18 14	1
18 18 14 10	1
18 18 9	1
18 18 9 19	1
18 18 15	2
18 18 15 12	2
18 19	28
18 19 19	19
18 19 19 19	14
18 19 19 18	4
18 19 19 9	1
18 19 18	7
18 19 18 16	1
18 19 18 18	4
18 19 18 19	1
18 19 18 13	1
18 19 17	1
18 19 17 16	1
18 19 7	1
18 19 7 18	1
18 17	22
18 17 14	2
18 17 14 10	1
18 17 14 15	1
18 17 15	6
18 17 15 13	3
18 17 15 12	1
18 17 15 16	1
18 17 15 15	1
18 17 17	4
18 17 17 17	1
18 17 17 18	2
18 17 17 13	1
18 17 16	7
18 17 16 15	1
18 17 16 12	1
18 17 16 16	2
18 17 16 14	1
18 17 16 11	1
18 17 16 17	1
18 17 18	2
18 17 18 18	1
18 17 18 15	1
18 17 12	1
18 17 12 12	1
18 14	1
18 14 10	1
18 14 10 10	1
18 13	1
18 13 9	1
18 13 9 6	1
19	105
19 16	1
19 16 15	1
19 16 15 12	1
19 7	2
19 7 19	1
19 7 19 19	1
19 7 18	1
19 7 18 18	1
19 9	1
19 9 19	1
19 9 19 19	1
19 19	74
19 19 16	1
19 19 16 15	1
19 19 7	1
19 19 7 19	1
19 19 9	1
19 19 9 19	1
19 19 19	52
19 19 19 7	1
19 19 19 16	1
19 19 19 19	35
19 19 19 18	13
19 19 19 17	1
19 19 19 11	1
19 19 18	17
19 19 18 17	5
19 19 18 18	10
19 19 18 15	2
19 19 17	1
19 19 17 15	1
19 19 11	1
19 19 11 9	1
19 18	24
19 18 13	1
19 18 13 9	1
19 18 16	1
19 18 16 15	1
19 18 17	5
19 18 17 15	3
19 18 17 12	1
19 18 17 14	1
19 18 18	14
19 18 18 17	1
19 18 18 16	2
19 18 18 14	1
19 18 18 15	1
19 18 18 18	8
19 18 18 19	1
19 18 15	2
19 18 15 13	1
19 18 15 14	1
19 18 19	1
19 18 19 17	1
19 17	2
19 17 15	1
19 17 15 13	1
19 17 16	1
19 17 16 10	1
19 11	1
19 11 9	1
19 11 9 5	1
11	126
11 </s>	2
11 4	1
11 4 4	1
11 4 4 4	1
11 7	2
11 7 7	1
11 7 7 5	1
11 7 </s>	1
11 10	19
11 10 6	3
11 10 6 7	2
11 10 6 5	1
11 10 8	2
11 10 8 9	1
11 10 8 6	1
11 10 10	3
11 10 10 6	1
11 10 10 1	1
11 10 10 10	1
11 10 9	4
11 10 9 </s>	1
11 10 9 7	3
11 10 11	6
11 10 11 13	2
11 10 11 12	2
11 10 11 9	1
11 10 11 11	1
11 10 12	1
11 10 12 12	1
11 9	11
11 9 10	1
11 9 10 10	1
11 9 5	1
11 9 5 4	1
11 9 8	4
11 9 8 9	1
11 9 8 8	1
11 9 8 6	2
11 9 11	2
11 9 11 9	1
11 9 11 10	1
11 9 9	2
11 9 9 8	1
11 9 9 10	1
11 9 7	1
11 9 7 7	1
11 13	23
11 13 10	1
11 13 10 11	1
11 13 12	2
11 13 12 11	1
11 13 12 13	1
11 13 16	1
11 13 16 16	1
11 13 13	1
11 13 13 14	1
11 13 14	13
11 13 14 15	8
11 13 14 14	2
11 13 14 16	2
11 13 14 13	1
11 13 11	2
11 13 11 10	1
11 13 11 </s>	1
11 13 17	1
11 13 17 17	1
11 13 15	2
11 13 15 16	2
11 12	36
11 12 7	1
11 12 7 7	1
11 12 12	3
11 12 12 6	1
11 12 12 10	1
11 12 12 13	1
11 12 14	10
11 12 14 15	5
11 12 14 16	2
11 12 14 14	2
11 12 14 13	1
11 12 13	16
11 12 13 10	3
11 12 13 15	1
11 12 13 14	6
11 12 13 11	2
11 12 13 13	3
11 12 13 12	1
11 12 11	4
11 12 11 10	2
11 12 11 11	2
11 12 10	2
11 12 10 7	1
11 12 10 9	1
11 8	2
11 8 6	2
11 8 6 5	1
11 8 6 6	1
11 11	27
11 11 10	7
11 11 10 6	1
11 11 10 10	2
11 11 10 12	1
11 11 10 9	1
11 11 10 11	2
11 11 13	4
11 11 13 14	3
11 11 13 12	1
11 11 12	9
11 11 12 14	4
11 11 12 13	3
11 11 12 12	2
11 11 11	4
11 11 11 13	1
11 11 11 10	1
11 11 11 12	1
11 11 11 9	1
11 11 8	1
11 11 8 6	1
11 11 9	2
11 11 9 11	1
11 11 9 9	1
11 14	1
11 14 15	1
11 14 15 16	1
11 5	1
11 5 4	1
11 5 4 3	1
11 17	1
11 17 17	1
11 17 17 16	1
