0.035930735930735917,0.025082456863065428
0.15745614035087727,0.064944120530060337
0.26223628691983147,0.11502845122970266
0.34166666666666667,0.16840207617265074
0.39848484848484844,0.20591015006305516
0.39687500000000003,0.25912453698573806
0.36454248366013076,0.32097273400874515
0.40277777777777779,0.34180717012299217
0.46363636363636385,0.36345504137316226
0.53481848184818481,0.37849922214730736
0.63792517006802751,0.39798879125228709
0.69533333333333303,0.40219710842966122
0.77689768976897666,0.41403817790304809
0.82145214521452159,0.40638881651322389
0.88283828382838325,0.41351780457130211
0.92188552188552142,0.42921675267239939
0.95656565656565706,0.425810006961377
0.90726072607260799,0.42546977854278367
0.93350340136054466,0.46383835426650016
0.9409240924092408,0.47256701319304545
0.9326666666666672,0.46541390289730411
0.94761904761904781,0.48304589153964778
0.88513071895424866,0.43452430183130852
0.88888888888888851,0.44773192841398479
0.91784511784511735,0.44397741386325679
0.92680412371134047,0.45663547073236233
0.93282312925170019,0.44660776963102983
0.89052287581699285,0.46467342947620138
0.873,0.48777869814229463
0.84843750000000029,0.49591358262579238
0.86752577319587676,0.47755993378728456
0.92333333333333389,0.53507711560190385
0.90357142857142925,0.49941689939804074
0.91228956228956248,0.51077719591768622
0.93943894389438964,0.49583668218632276
0.95723905723905733,0.50721641326709621
0.96715686274509738,0.50634291312065138
0.93069306930693041,0.53555128747688729
0.84735973597359726,0.54511330459958984
0.82633333333333336,0.56183911169466816
0.805228758169935,0.56044919706170637
0.83161512027491424,0.56376136627329254
0.80449999999999988,0.49239932855907947
0.8411003236245953,0.53476022121488587
0.82669902912621362,0.54744574151326553
0.86360544217687107,0.54823650916509803
0.88594771241830061,0.55211238063215029
0.91649831649831637,0.56316190559486301
0.79306930693069311,0.53605693793110332
0.66468646864686476,0.5248824584223748
0.52058823529411757,0.46758029654980915
0.44248366013071899,0.40073246640540039
0.3616013071895427,0.33726875886723517
0.32908496732026138,0.26615758207432955
