0.062658227848101281,0.15698855797567182
0.18114035087719302,0.1537275633797992
0.27337398373983735,0.16986357303360225
0.38504273504273517,0.18943200860595338
0.48504273504273554,0.20881700985442656
0.55937499999999973,0.2532467616625052
0.50633333333333341,0.36667263539678213
0.60457516339869288,0.3773216133553558
0.6892857142857145,0.40210108261663047
0.79290429042904298,0.42622598684170582
0.89833333333333376,0.43714652226732359
1.0006734006734004,0.46381489676118842
1.1041666666666663,0.47189456844315392
1.1901960784313721,0.48532565899197827
1.2564356435643569,0.50507408860829361
1.34040404040404,0.53211004963899999
1.455272108843537,0.53990048793948475
1.5706270627062706,0.55738052289681872
1.5979381443298974,0.62920004387165707
1.634863945578231,0.658159147580198
1.5867697594501726,0.70960236870276583
1.6214285714285714,0.70918535779213454
1.5853135313531357,0.73587169446519085
1.5019801980198018,0.70350032428608522
1.4713333333333329,0.65691128431909906
1.4168384879725096,0.61312088167039513
1.3664912280701751,0.55185317890613506
1.3039603960396033,0.55139292561279873
1.1654999999999998,0.52947496917740056
1.0449494949494951,0.54203391289598668
0.97806122448979649,0.53089324185065745
0.96702127659574455,0.56047097196429496
1.0415824915824916,0.54873785162289113
1.075,0.54478189913088226
1.1310231023102308,0.54700208055144761
1.2084192439862542,0.5510413317124595
1.25663430420712,0.56409132110877791
1.2894389438943896,0.56750782066210492
1.2870000000000001,0.57891583721373485
1.3348484848484854,0.58399423643742021
1.4083333333333334,0.61674359523729683
1.4237588652482267,0.62096722528066839
1.4981666666666671,0.58809215686040106
1.4784313725490197,0.58290926705232549
1.5230392156862751,0.62235156848403461
1.5621993127147773,0.62744667151987854
1.6196078431372563,0.63240948671076302
1.640136054421768,0.65189755946295458
1.499174917491749,0.65119282106686383
1.3203333333333336,0.62544072003355689
1.0802588996763758,0.5836448634652085
0.89086538461538478,0.52977107168191517
0.79950495049504933,0.45228098103787295
0.71914191419141937,0.38173133468604359
