0.042194092827004204,0.079789405997207935
0.18201754385964916,0.086997792985830713
0.30341365461847369,0.10572241598720651
0.44102564102564112,0.13313546756988814
0.52542735042735045,0.18556734811178574
0.6329166666666669,0.2327747231336724
0.58633333333333337,0.36845584293513561
0.72173202614379084,0.38804883568458504
0.8099656357388314,0.39484276489760028
0.91864686468646872,0.41363085480704248
1.0269999999999997,0.42991255342391488
1.1226804123711336,0.42142550173523097
1.215511551155116,0.45672905550557458
1.2783171521035601,0.46288638662758641
1.3473597359735972,0.46921170697521614
1.3478333333333337,0.50319213909201266
1.3209621993127141,0.56246027817833133
1.2547385620915035,0.59819299516655899
1.2225085910652924,0.61543627835445069
1.1826732673267326,0.62215539677300358
1.1564625850340138,0.6252130571701302
1.1238831615120277,0.63213019499845924
0.99207920792079241,0.60505552573207899
0.96801346801346799,0.58261217214148497
1.0051546391752579,0.58373676934378982
0.96173469387755073,0.54744124773642666
0.90738831615120263,0.53088614485334884
0.90808080808080827,0.53870784574134978
0.90999999999999959,0.59577637998622812
0.91919191919191934,0.56252671207103133
0.95731292517006772,0.58359133384590089
0.93986254295532623,0.60736012669695105
0.93058419243986301,0.59868528999841053
0.86161616161616161,0.56939845005837575
0.83580858085808674,0.54299778052858227
0.85378006872852197,0.5412097707370026
0.90938511326860849,0.52021064687130369
0.94899999999999995,0.52817805129714912
0.97376237623762385,0.51617905234657491
0.97957516339869277,0.50246864103008426
1.0093333333333334,0.50478807323238706
1.0618556701030928,0.53313776124976253
1.0266666666666671,0.53185295386434683
0.99042904290429068,0.5077419868324059
0.96990291262135941,0.49401129363367896
0.92268041237113407,0.46773306707064172
0.84766666666666668,0.48290658043983886
0.79276094276094289,0.46570699195867027
0.6469999999999998,0.42478871753549952
0.49500000000000016,0.39036875714436137
0.40735294117647047,0.34425645333432892
0.30825242718446616,0.32054618578988453
0.27656765676567657,0.31212691700850176
0.28986928104575166,0.31719303883831818
