,0,1,2,3,4,5,6,7,8,9,10,11,12,13,14,15,16,17,18,19
080,0.0,0.0,0.0,0.0,0.0,0.0,0.0,0.0,0.0,0.0,0.0,0.0,12.0,0.0,0.0,0.0,0.0,0.0,0.0,0.0
081,1.0,1.0,1.0,1.0,1.0,1.0,1.0,1.0,1.0,1.0,1.0,12.0,12.0,1.0,1.0,1.0,1.0,1.0,1.0,1.0
082,1.0,2.0,2.0,2.0,2.0,2.0,2.0,1.0,2.0,2.0,1.0,12.0,12.0,2.0,1.0,2.0,2.0,2.0,2.0,2.0
083,0.0,2.0,3.0,3.0,3.0,3.0,3.0,3.0,3.0,3.0,3.0,12.0,12.0,3.0,3.0,3.0,3.0,3.0,3.0,3.0
084,0.0,2.0,3.0,4.0,4.0,4.0,5.0,4.0,4.0,5.0,5.0,12.0,12.0,12.0,4.0,4.0,4.0,4.0,4.0,4.0
085,0.0,2.0,3.0,4.0,4.0,6.0,6.0,6.0,6.0,6.0,6.0,12.0,12.0,12.0,4.0,4.0,5.0,4.0,4.0,4.0
090,0.0,0.0,3.0,4.0,5.0,5.0,5.0,8.0,8.0,8.0,5.0,12.0,12.0,5.0,0.0,0.0,5.0,0.0,0.0,0.0
091,0.0,1.0,3.0,4.0,4.0,7.0,7.0,8.0,8.0,8.0,8.0,9.0,12.0,12.0,8.0,0.0,7.0,0.0,0.0,7.0
092,0.0,2.0,2.0,2.0,5.0,7.0,7.0,7.0,8.0,7.0,11.0,11.0,12.0,11.0,11.0,7.0,7.0,7.0,9.0,7.0
093,0.0,2.0,3.0,3.0,3.0,6.0,8.0,8.0,9.0,10.0,9.0,10.0,12.0,13.0,13.0,13.0,12.0,12.0,9.0,9.0
094,0.0,2.0,3.0,4.0,4.0,4.0,7.0,8.0,9.0,10.0,11.0,12.0,12.0,14.0,14.0,12.0,12.0,12.0,9.0,7.0
095,0.0,2.0,2.0,4.0,4.0,6.0,8.0,8.0,8.0,10.0,11.0,12.0,12.0,13.0,15.0,13.0,15.0,15.0,15.0,11.0
100,1.0,2.0,2.0,2.0,5.0,6.0,6.0,8.0,8.0,10.0,11.0,13.0,13.0,14.0,14.0,13.0,17.0,17.0,17.0,11.0
101,0.0,2.0,3.0,4.0,4.0,6.0,8.0,8.0,8.0,8.0,11.0,12.0,12.0,14.0,14.0,16.0,17.0,17.0,18.0,18.0
102,1.0,1.0,3.0,4.0,5.0,5.0,8.0,8.0,9.0,10.0,11.0,13.0,13.0,14.0,15.0,16.0,15.0,17.0,18.0,18.0
103,1.0,1.0,1.0,4.0,4.0,6.0,7.0,7.0,10.0,10.0,11.0,11.0,12.0,14.0,15.0,16.0,17.0,17.0,18.0,19.0
104,0.0,2.0,2.0,2.0,6.0,6.0,8.0,8.0,9.0,11.0,11.0,11.0,12.0,14.0,15.0,15.0,17.0,17.0,18.0,19.0
105,0.0,1.0,3.0,4.0,4.0,7.0,7.0,7.0,9.0,10.0,10.0,13.0,13.0,13.0,15.0,16.0,16.0,16.0,18.0,19.0
110,0.0,1.0,3.0,4.0,5.0,5.0,8.0,8.0,10.0,10.0,10.0,10.0,10.0,14.0,15.0,16.0,17.0,17.0,18.0,19.0
111,1.0,1.0,3.0,3.0,4.0,6.0,7.0,7.0,9.0,11.0,11.0,11.0,12.0,14.0,15.0,16.0,17.0,18.0,18.0,19.0
112,0.0,2.0,3.0,4.0,4.0,7.0,7.0,9.0,9.0,9.0,9.0,13.0,13.0,13.0,13.0,16.0,17.0,17.0,18.0,19.0
113,1.0,2.0,3.0,4.0,4.0,4.0,7.0,8.0,8.0,10.0,12.0,13.0,13.0,14.0,14.0,13.0,17.0,18.0,18.0,19.0
114,0.0,2.0,3.0,3.0,6.0,6.0,6.0,9.0,9.0,9.0,11.0,12.0,12.0,14.0,15.0,16.0,16.0,18.0,18.0,19.0
115,0.0,1.0,1.0,4.0,5.0,6.0,7.0,8.0,9.0,10.0,11.0,11.0,14.0,14.0,14.0,16.0,17.0,17.0,18.0,19.0
120,0.0,1.0,4.0,4.0,6.0,6.0,6.0,8.0,8.0,8.0,11.0,12.0,12.0,14.0,15.0,16.0,17.0,17.0,18.0,19.0
121,0.0,2.0,2.0,4.0,5.0,6.0,7.0,7.0,9.0,11.0,11.0,12.0,12.0,14.0,15.0,16.0,17.0,18.0,18.0,19.0
122,0.0,2.0,2.0,4.0,5.0,7.0,7.0,8.0,9.0,11.0,11.0,11.0,13.0,13.0,15.0,16.0,17.0,17.0,18.0,19.0
123,0.0,2.0,3.0,3.0,5.0,6.0,6.0,8.0,9.0,10.0,11.0,10.0,13.0,14.0,15.0,15.0,17.0,18.0,18.0,18.0
124,0.0,2.0,3.0,4.0,6.0,6.0,6.0,7.0,9.0,10.0,11.0,13.0,13.0,13.0,14.0,16.0,16.0,18.0,18.0,18.0
125,0.0,1.0,3.0,4.0,4.0,6.0,7.0,7.0,9.0,10.0,11.0,11.0,12.0,14.0,15.0,16.0,16.0,16.0,16.0,7.0
130,0.0,2.0,2.0,4.0,4.0,4.0,6.0,8.0,8.0,10.0,11.0,11.0,12.0,14.0,15.0,15.0,15.0,15.0,15.0,11.0
131,0.0,2.0,3.0,4.0,4.0,4.0,7.0,8.0,8.0,10.0,12.0,12.0,12.0,13.0,15.0,16.0,16.0,16.0,16.0,16.0
132,0.0,2.0,3.0,4.0,4.0,4.0,7.0,8.0,9.0,10.0,11.0,12.0,12.0,14.0,15.0,16.0,16.0,16.0,16.0,16.0
133,1.0,2.0,3.0,4.0,4.0,6.0,6.0,8.0,10.0,10.0,10.0,10.0,12.0,10.0,15.0,16.0,17.0,17.0,17.0,17.0
134,0.0,2.0,2.0,4.0,4.0,6.0,7.0,7.0,10.0,10.0,11.0,12.0,12.0,13.0,15.0,16.0,17.0,17.0,17.0,18.0
135,0.0,2.0,3.0,4.0,5.0,6.0,6.0,8.0,8.0,11.0,11.0,11.0,13.0,13.0,15.0,16.0,17.0,18.0,18.0,18.0
140,0.0,2.0,3.0,5.0,5.0,5.0,7.0,7.0,9.0,11.0,11.0,12.0,12.0,13.0,15.0,13.0,17.0,17.0,18.0,19.0
141,0.0,2.0,2.0,4.0,4.0,6.0,6.0,9.0,9.0,9.0,11.0,12.0,12.0,14.0,14.0,14.0,15.0,15.0,19.0,19.0
142,0.0,2.0,3.0,4.0,5.0,5.0,5.0,8.0,10.0,10.0,10.0,13.0,13.0,13.0,15.0,16.0,15.0,16.0,18.0,19.0
143,0.0,2.0,3.0,4.0,5.0,6.0,7.0,7.0,9.0,10.0,11.0,11.0,14.0,14.0,15.0,16.0,16.0,16.0,18.0,18.0
144,1.0,1.0,3.0,4.0,4.0,6.0,6.0,8.0,9.0,9.0,11.0,13.0,13.0,14.0,15.0,16.0,17.0,17.0,18.0,19.0
145,0.0,2.0,2.0,4.0,5.0,6.0,7.0,8.0,9.0,9.0,11.0,12.0,12.0,15.0,15.0,16.0,17.0,17.0,18.0,19.0
150,1.0,1.0,3.0,4.0,4.0,6.0,7.0,8.0,8.0,10.0,10.0,10.0,12.0,14.0,14.0,16.0,17.0,17.0,18.0,18.0
151,0.0,2.0,3.0,3.0,6.0,6.0,7.0,7.0,9.0,10.0,10.0,12.0,12.0,12.0,15.0,16.0,16.0,18.0,18.0,19.0
152,0.0,2.0,3.0,4.0,4.0,7.0,7.0,7.0,9.0,10.0,11.0,12.0,12.0,14.0,14.0,16.0,17.0,18.0,18.0,19.0
153,0.0,2.0,2.0,4.0,5.0,6.0,8.0,8.0,8.0,8.0,12.0,12.0,12.0,12.0,15.0,15.0,17.0,17.0,18.0,19.0
154,0.0,2.0,3.0,4.0,5.0,7.0,7.0,7.0,9.0,9.0,11.0,13.0,13.0,13.0,15.0,16.0,17.0,17.0,18.0,19.0
155,0.0,3.0,3.0,3.0,3.0,7.0,7.0,8.0,8.0,10.0,11.0,12.0,12.0,14.0,16.0,16.0,16.0,17.0,19.0,19.0
160,0.0,2.0,2.0,4.0,6.0,6.0,6.0,6.0,9.0,11.0,11.0,11.0,12.0,14.0,15.0,16.0,17.0,18.0,18.0,19.0
161,1.0,1.0,3.0,4.0,5.0,6.0,8.0,8.0,8.0,10.0,10.0,10.0,12.0,14.0,15.0,15.0,17.0,18.0,18.0,18.0
162,0.0,2.0,2.0,4.0,4.0,4.0,7.0,9.0,9.0,9.0,11.0,11.0,12.0,14.0,15.0,16.0,16.0,16.0,18.0,18.0
163,0.0,2.0,2.0,4.0,5.0,5.0,7.0,7.0,9.0,10.0,12.0,12.0,12.0,14.0,15.0,15.0,15.0,17.0,17.0,7.0
164,0.0,2.0,2.0,4.0,5.0,6.0,6.0,8.0,8.0,6.0,12.0,12.0,12.0,13.0,15.0,13.0,12.0,15.0,6.0,6.0
165,0.0,2.0,2.0,4.0,5.0,6.0,7.0,7.0,6.0,10.0,11.0,12.0,12.0,13.0,15.0,15.0,15.0,15.0,15.0,7.0
