,0,1,2,3,4,5,6,7,8,9,10,11,12,13,14,15,16,17,18,19
0,0.54400000000000004,0.34899999999999998,0.0103,0.0103,0.0103,0.00513,0.00513,0.00513,0.00513,0.00513,0.00513,0.00513,0.00513,0.00513,0.00513,0.00513,0.00513,0.00513,0.00513,0.00513
1,0.128,0.25600000000000001,0.45500000000000002,0.044900000000000002,0.0064099999999999999,0.012800000000000001,0.0064099999999999999,0.0064099999999999999,0.0064099999999999999,0.012800000000000001,0.0064099999999999999,0.0064099999999999999,0.0064099999999999999,0.0064099999999999999,0.0064099999999999999,0.0064099999999999999,0.0064099999999999999,0.0064099999999999999,0.0064099999999999999,0.0064099999999999999
2,0.079799999999999996,0.098199999999999996,0.30099999999999999,0.36199999999999999,0.0613,0.0123,0.00613,0.00613,0.00613,0.00613,0.00613,0.00613,0.00613,0.00613,0.00613,0.00613,0.00613,0.00613,0.00613,0.00613
3,0.035499999999999997,0.0567,0.099299999999999999,0.20599999999999999,0.38300000000000001,0.085099999999999995,0.021299999999999999,0.014200000000000001,0.014200000000000001,0.0070899999999999999,0.0070899999999999999,0.0070899999999999999,0.014200000000000001,0.0070899999999999999,0.0070899999999999999,0.0070899999999999999,0.0070899999999999999,0.0070899999999999999,0.0070899999999999999,0.0070899999999999999
4,0.030700000000000002,0.0184,0.049099999999999998,0.11,0.28799999999999998,0.26400000000000001,0.153,0.00613,0.00613,0.00613,0.00613,0.00613,0.00613,0.00613,0.00613,0.0123,0.00613,0.00613,0.00613,0.00613
5,0.045100000000000001,0.030099999999999998,0.030099999999999998,0.045100000000000001,0.14299999999999999,0.17299999999999999,0.30099999999999999,0.13500000000000001,0.0075199999999999998,0.0075199999999999998,0.0075199999999999998,0.0075199999999999998,0.014999999999999999,0.0075199999999999998,0.0075199999999999998,0.0075199999999999998,0.0075199999999999998,0.0075199999999999998,0.0075199999999999998,0.0075199999999999998
6,0.040300000000000002,0.0067099999999999998,0.0067099999999999998,0.033599999999999998,0.053699999999999998,0.121,0.17399999999999999,0.309,0.17399999999999999,0.0067099999999999998,0.0067099999999999998,0.0067099999999999998,0.0134,0.0067099999999999998,0.0067099999999999998,0.0067099999999999998,0.0067099999999999998,0.0067099999999999998,0.0067099999999999998,0.0067099999999999998
7,0.036799999999999999,0.0147,0.0073499999999999998,0.0147,0.036799999999999999,0.066199999999999995,0.095600000000000004,0.20599999999999999,0.30099999999999999,0.125,0.0073499999999999998,0.0073499999999999998,0.0073499999999999998,0.0073499999999999998,0.0073499999999999998,0.0073499999999999998,0.0073499999999999998,0.0147,0.0147,0.0147
8,0.0207,0.0068999999999999999,0.0068999999999999999,0.0068999999999999999,0.0207,0.041399999999999999,0.082799999999999999,0.082799999999999999,0.22800000000000001,0.30299999999999999,0.13100000000000001,0.0068999999999999999,0.0068999999999999999,0.0068999999999999999,0.0068999999999999999,0.0068999999999999999,0.0068999999999999999,0.0068999999999999999,0.0138,0.0068999999999999999
9,0.0072500000000000004,0.0072500000000000004,0.0072500000000000004,0.0072500000000000004,0.0072500000000000004,0.021700000000000001,0.072499999999999995,0.079699999999999993,0.11600000000000001,0.152,0.26100000000000001,0.18099999999999999,0.0072500000000000004,0.0072500000000000004,0.0072500000000000004,0.0072500000000000004,0.0072500000000000004,0.014500000000000001,0.0072500000000000004,0.021700000000000001
10,0.021299999999999999,0.014200000000000001,0.0070899999999999999,0.014200000000000001,0.0070899999999999999,0.028400000000000002,0.042599999999999999,0.014200000000000001,0.063799999999999996,0.13500000000000001,0.16300000000000001,0.28399999999999997,0.14899999999999999,0.0070899999999999999,0.0070899999999999999,0.0070899999999999999,0.0070899999999999999,0.014200000000000001,0.0070899999999999999,0.0070899999999999999
11,0.00694,0.00694,0.00694,0.00694,0.013899999999999999,0.013899999999999999,0.00694,0.020799999999999999,0.020799999999999999,0.083299999999999999,0.13900000000000001,0.19400000000000001,0.25700000000000001,0.16700000000000001,0.013899999999999999,0.00694,0.00694,0.013899999999999999,0.00694,0.00694
12,0.0117,0.0058500000000000002,0.0058500000000000002,0.0117,0.0117,0.0058500000000000002,0.023400000000000001,0.0117,0.0058500000000000002,0.0292,0.075999999999999998,0.081900000000000001,0.33900000000000002,0.22800000000000001,0.111,0.0117,0.0058500000000000002,0.0117,0.0058500000000000002,0.0058500000000000002
13,0.014200000000000001,0.0070899999999999999,0.0070899999999999999,0.0070899999999999999,0.0070899999999999999,0.014200000000000001,0.0070899999999999999,0.0070899999999999999,0.0070899999999999999,0.021299999999999999,0.070900000000000005,0.078,0.113,0.20599999999999999,0.312,0.078,0.014200000000000001,0.014200000000000001,0.0070899999999999999,0.0070899999999999999
14,0.0073499999999999998,0.0147,0.0073499999999999998,0.0073499999999999998,0.0073499999999999998,0.0073499999999999998,0.0073499999999999998,0.0073499999999999998,0.022100000000000002,0.0073499999999999998,0.022100000000000002,0.051499999999999997,0.0441,0.11,0.19900000000000001,0.39000000000000001,0.066199999999999995,0.0073499999999999998,0.0073499999999999998,0.0073499999999999998
15,0.012800000000000001,0.0064099999999999999,0.0064099999999999999,0.0064099999999999999,0.012800000000000001,0.0064099999999999999,0.0064099999999999999,0.0064099999999999999,0.0064099999999999999,0.0064099999999999999,0.019199999999999998,0.019199999999999998,0.051299999999999998,0.096199999999999994,0.089700000000000002,0.20499999999999999,0.38500000000000001,0.044900000000000002,0.0064099999999999999,0.0064099999999999999
16,0.0062899999999999996,0.0062899999999999996,0.0062899999999999996,0.0062899999999999996,0.0062899999999999996,0.0126,0.0062899999999999996,0.0126,0.0062899999999999996,0.0126,0.0189,0.0252,0.043999999999999997,0.0189,0.062899999999999998,0.157,0.214,0.36499999999999999,0.0062899999999999996,0.0062899999999999996
17,0.0060600000000000003,0.0060600000000000003,0.0060600000000000003,0.0060600000000000003,0.0060600000000000003,0.0060600000000000003,0.0060600000000000003,0.0060600000000000003,0.0060600000000000003,0.0060600000000000003,0.0060600000000000003,0.0121,0.018200000000000001,0.018200000000000001,0.036400000000000002,0.0848,0.17000000000000001,0.32100000000000001,0.26700000000000002,0.0060600000000000003
18,0.0062899999999999996,0.0062899999999999996,0.0062899999999999996,0.0062899999999999996,0.0062899999999999996,0.0062899999999999996,0.0062899999999999996,0.0062899999999999996,0.0062899999999999996,0.0189,0.0062899999999999996,0.0062899999999999996,0.0062899999999999996,0.0126,0.0126,0.037699999999999997,0.069199999999999998,0.14499999999999999,0.44700000000000001,0.182
19,0.0080000000000000002,0.0080000000000000002,0.0080000000000000002,0.0080000000000000002,0.0080000000000000002,0.0080000000000000002,0.0080000000000000002,0.024,0.0080000000000000002,0.016,0.0080000000000000002,0.016,0.0080000000000000002,0.0080000000000000002,0.0080000000000000002,0.0080000000000000002,0.016,0.024,0.20000000000000001,0.59999999999999998
