2 2 2 2 
0 0 1 1 0 1 2 3 2 1 2 0 1 2 3 4 6 7 8 7 4 4 3 0 0 0 0 0 0 1 1 2 3 4 4 4 5 6 5 1 1 0 1 2 2 3 4 5 6 5 2 1 0 1 
0 0 1 2 2 1 2 2 1 1 2 1 1 1 1 1 2 2 4 4 4 4 3 3 2 3 4 5 5 5 3 2 2 3 3 2 4 3 3 4 5 6 5 4 3 3 2 
0 1 0 0 0 1 0 0 1 2 2 2 3 5 7 8 10 10 9 9 7 7 8 7 9 9 9 6 7 4 4 4 6 8 6 8 9 10 10 9 9 10 12 13 15 16 16 14 1 5 4 5 3 
0 1 2 3 4 5 6 8 9 10 12 13 14 15 16 17 18 18 19 19 19 19 18 17 15 13 13 11 11 10 6 7 8 9 7 8 10 11 13 14 15 13 14 15 16 17 18 17 17 17 16 9 8 7 
0 1 2 3 4 4 6 7 7 9 9 9 10 11 11 13 14 15 17 17 13 12 11 10 8 9 8 8 5 5 1 1 2 3 4 6 5 4 4 5 6 7 8 8 9 11 13 11 10 8 6 5 6 6 
0 0 0 4 4 6 6 6 8 8 10 11 13 14 15 16 17 17 18 16 17 12 9 8 8 9 8 6 6 4 4 4 3 6 6 5 7 5 7 8 9 10 10 12 14 14 16 16 15 13 10 9 10 
0 1 2 2 3 4 6 8 9 11 13 17 17 18 19 19 19 19 19 17 15 13 10 10 9 11 11 11 13 12 11 9 10 10 10 10 12 12 13 12 11 7 7 5 4 3 
1 2 3 3 4 5 7 7 7 9 11 12 14 15 14 15 16 16 16 13 10 9 9 6 7 7 3 2 0 1 0 1 3 4 6 7 9 10 11 11 12 14 15 16 17 17 17 16 5 5 1 1 2 
0 1 2 2 3 4 5 7 8 9 10 12 14 15 16 17 17 18 19 19 19 19 19 11 9 5 4 3 2 1 2 2 3 3 5 5 7 9 10 11 13 14 14 15 16 17 17 17 18 17 16 12 12 13 
0 1 2 4 5 6 6 8 9 10 12 13 13 13 14 15 16 16 16 17 17 18 19 18 16 15 15 15 13 11 11 12 14 15 15 15 15 14 15 16 15 16 17 16 14 15 15 16 7 17 16 15 14 15 
0 1 2 3 4 5 6 7 9 10 12 13 15 16 17 18 18 19 19 19 19 19 19 19 19 19 19 19 18 18 14 10 10 5 6 7 5 5 4 5 7 8 9 11 10 11 13 15 16 16 11 12 12 6 7 
0 0 1 2 3 5 6 8 10 11 13 16 16 17 17 17 17 17 17 11 11 10 10 6 5 6 7 8 10 11 12 13 10 12 14 15 16 12 12 13 13 14 15 12 9 6 6 7 
0 0 2 3 4 6 7 8 10 12 13 14 15 16 15 16 17 18 19 19 19 19 18 17 15 12 13 13 13 12 12 3 12 6 12 12 12 12 12 12 12 12 12 12 12 12 12 12 12 12 12 12 12 12 
12 12 12 12 12 12 12 12 12 12 12 12 12 12 12 12 12 12 12 12 17 17 18 17 16 16 17 18 17 18 18 19 19 19 19 18 18 16 12 12 11 
0 1 2 3 3 4 5 7 8 10 5 12 13 14 15 16 17 17 18 18 9 19 19 19 19 18 17 15 13 13 14 13 13 13 13 13 13 15 16 16 17 17 18 18 19 19 19 19 18 18 15 12 10 8 
0 0 1 2 3 3 5 6 7 8 9 10 10 12 13 14 15 14 11 11 11 10 11 12 13 15 15 16 13 15 16 15 15 16 17 16 14 13 15 16 16 14 11 11 8 6 5 
0 1 2 3 4 6 7 8 9 10 12 13 13 13 14 16 15 16 17 18 18 18 16 17 16 17 16 15 13 11 11 9 11 9 11 10 11 9 8 9 9 7 8 9 9 9 10 9 6 4 3 2 4 
0 1 1 2 2 3 5 3 7 9 11 12 13 14 13 14 15 16 17 18 18 19 19 19 18 18 18 18 18 17 15 16 16 15 15 13 14 15 15 15 15 16 16 17 18 18 18 17 16 14 11 10 9 
0 0 1 2 3 3 4 4 6 7 8 8 10 11 13 14 15 15 15 16 17 18 18 17 16 16 17 17 16 16 15 16 17 17 18 18 19 19 18 18 18 19 19 9 19 19 19 19 19 18 15 13 10 
0 1 2 3 4 4 4 5 7 8 9 9 11 12 14 16 16 17 18 18 18 18 17 17 18 18 18 16 15 15 15 14 15 15 16 17 15 16 17 18 18 18 18 18 17 16 11 10 6 5 5 2 
0 0 0 0 1 2 2 4 5 6 8 9 10 8 5 6 6 7 8 9 9 7 1 2 3 4 4 6 7 9 10 9 10 9 11 12 11 10 6 7 8 9 7 7 7 7 5 
0 0 0 0 0 0 0 0 0 0 0 0 0 0 0 0 0 0 0 0 0 0 0 0 0 0 0 0 0 0 0 0 0 0 0 0 0 0 0 0 0 0 0 0 0 0 0 0 0 0 0 
0 1 2 3 5 6 8 8 8 9 11 10 11 12 14 15 15 16 17 17 17 18 9 17 17 18 16 15 15 15 4 15 16 17 17 18 18 18 19 18 18 18 19 18 19 17 16 10 8 4 4 4 
0 1 2 3 1 0 1 2 0 0 0 0 1 2 3 4 6 7 9 10 12 13 14 14 14 13 14 13 11 10 10 1 9 10 11 13 13 14 15 16 17 18 18 19 19 19 19 19 18 17 12 12 
0 1 2 3 4 5 6 8 9 10 11 13 14 15 16 14 15 16 16 17 17 14 14 14 15 16 15 16 17 18 18 19 18 18 19 19 18 18 18 18 18 19 18 13 9 6 6 5 
0 1 1 2 2 4 5 4 5 6 7 8 10 12 13 15 16 16 17 18 18 18 18 18 18 17 15 13 12 10 11 11 10 12 12 14 13 14 15 15 17 17 18 19 19 19 19 19 18 17 14 10 8 5 
0 1 2 1 2 1 3 4 5 6 6 8 10 11 11 12 13 14 15 16 16 15 14 14 14 12 11 10 9 7 4 4 4 4 4 3 3 3 3 4 4 4 3 4 6 8 9 10 10 8 4 5 5 5 
0 1 2 3 4 5 7 8 8 8 8 8 8 8 8 8 8 8 8 18 18 19 18 18 18 18 17 14 15 16 16 16 17 17 17 17 17 16 17 17 17 17 14 14 15 16 15 13 9 7 5 6 
0 1 2 3 3 4 4 6 7 9 10 11 11 12 13 14 14 15 17 16 17 16 15 15 15 13 12 10 9 6 4 4 4 3 2 3 4 4 4 6 7 7 8 9 11 12 13 14 15 14 11 8 6 6 
0 1 2 3 6 8 9 10 11 12 14 16 15 13 10 9 8 5 5 5 2 2 1 0 1 2 2 2 3 3 4 5 7 6 7 8 7 6 4 2 0 1 0 
0 1 2 3 5 6 8 9 11 11 11 12 14 14 15 17 18 18 19 19 19 19 19 18 18 18 16 14 13 11 12 13 10 12 12 12 12 14 15 16 17 18 17 17 18 18 19 19 19 18 15 14 11 7 
0 1 2 5 6 8 9 11 13 14 16 17 18 18 19 19 19 19 19 19 19 19 19 19 16 15 12 10 9 6 3 3 5 4 5 6 5 5 6 6 6 8 9 10 12 11 12 11 10 9 7 7 5 
0 1 2 3 4 5 6 7 8 9 11 14 15 16 17 18 18 18 19 19 18 18 18 17 17 13 13 14 14 14 16 16 16 16 16 17 17 16 14 15 13 5 7 7 8 9 11 11 11 9 9 8 7 
0 1 2 3 4 4 5 6 7 8 10 10 11 9 9 10 11 13 10 11 12 13 11 9 8 8 7 6 5 4 5 5 5 6 7 8 9 11 10 11 13 15 16 15 16 16 16 17 15 15 14 13 13 
0 0 0 0 0 1 2 3 4 5 6 7 8 9 10 12 12 11 12 7 7 5 4 5 4 4 5 4 6 7 7 5 5 5 6 8 9 9 11 12 13 13 12 10 9 6 5 6 
0 1 1 2 2 0 1 0 1 2 3 4 5 4 5 6 7 8 9 9 9 8 6 5 5 4 2 0 0 0 0 0 1 1 2 3 5 6 8 9 11 11 10 10 10 11 12 13 14 8 6 5 5 4 
0 1 2 3 5 6 8 9 11 13 14 15 17 17 17 18 19 19 18 18 18 17 16 17 17 15 12 10 6 3 3 1 0 1 0 1 1 1 3 2 1 2 1 1 1 2 3 3 4 2 2 2 3 3 
0 1 1 1 2 2 2 2 3 4 4 4 6 7 8 10 11 12 13 13 13 13 13 13 14 14 14 14 13 13 12 14 12 13 12 12 12 14 14 16 16 16 12 9 8 9 8 8 6 4 2 2 2 
0 0 0 0 1 1 1 2 2 2 4 4 3 3 4 2 3 3 4 1 2 3 3 4 4 6 7 4 4 3 2 2 2 2 2 2 2 3 4 4 5 6 6 7 8 10 11 11 10 9 7 6 5 
0 0 0 1 2 2 2 3 1 1 2 4 3 3 3 4 5 7 6 7 8 6 3 1 0 1 2 3 3 4 5 6 4 6 6 8 7 7 7 7 7 7 6 3 2 2 2 2 
0 1 1 2 1 1 0 1 1 3 4 6 7 8 8 7 9 10 5 6 4 4 5 5 6 6 5 3 0 0 0 0 1 1 2 2 2 1 2 4 5 6 7 8 8 8 10 10 8 5 5 4 4 
0 1 1 3 4 5 5 7 7 9 10 12 13 13 13 12 13 14 14 15 16 17 16 17 16 14 11 11 10 11 11 12 12 10 10 11 13 14 13 14 15 16 17 18 18 16 17 17 15 14 13 11 13 11 
0 0 1 1 2 2 3 4 6 7 9 10 11 11 13 14 16 15 16 17 17 16 16 17 17 17 17 18 16 15 16 17 17 16 17 17 14 15 15 16 12 4 3 4 2 2 3 2 1 0 0 0 0 
0 1 2 3 4 6 6 8 10 11 12 10 7 7 7 7 6 6 6 7 9 9 6 7 6 6 7 7 9 10 11 12 13 11 13 12 13 13 12 12 14 15 15 10 11 5 4 3 
0 0 1 2 3 4 5 7 7 6 7 8 8 8 8 9 11 12 11 11 12 14 14 14 12 11 11 12 13 12 10 11 12 13 13 14 13 14 15 15 16 11 17 17 16 16 17 15 11 9 8 6 
0 1 1 2 3 4 5 7 6 8 9 11 12 14 13 14 15 16 17 18 18 19 18 18 16 15 14 13 14 8 7 8 8 8 9 11 12 13 14 14 15 16 16 12 15 16 17 18 18 17 15 15 15 
0 0 1 2 2 2 3 3 3 3 4 6 7 8 8 7 9 9 10 10 10 11 12 10 9 10 11 11 12 12 13 12 13 14 14 14 15 15 16 10 17 16 17 15 14 15 11 4 4 4 4 1 0 0 
0 1 2 3 4 5 6 8 9 10 11 13 14 14 14 14 12 12 13 12 11 9 7 7 7 8 9 10 10 11 12 11 11 13 14 15 16 16 17 17 18 17 18 15 12 10 9 8 
0 1 1 2 2 3 5 6 7 8 10 10 3 8 9 11 12 13 10 11 9 8 6 7 6 6 6 8 9 9 8 8 8 10 11 13 14 15 15 17 16 15 10 12 9 5 5 3 1 1 1 1 1 
0 1 1 3 4 5 7 8 10 12 13 15 16 17 18 18 19 19 19 19 7 19 19 19 19 19 18 18 17 16 15 14 12 10 10 11 12 14 15 16 17 17 17 18 18 19 7 18 18 18 15 12 6 6 
0 0 0 0 0 1 0 0 0 0 3 4 5 4 3 1 2 3 4 2 1 1 1 1 2 2 3 3 4 4 4 4 6 6 8 8 7 6 6 7 
